[-0.07107462988044515,0.06944754450389311],
[-0.002603072838201076,0.14910794354641546],
[0.15948059032104583,0.20136115127200288],
[0.8890150161083393,0.2761035079977396],
[1.8014703665220015,0.4737826500857655],
[2.959988317428232,0.5297918730638325],
[4.2341893007632985,0.7347773730699769],
[5.494697253796377,0.8896066471813193],
[7.013669570263019,1.0709130134735314],
[8.529618190745905,1.1818326596012239],
[10.268596118826451,1.3995578679139655],
[11.925252668704768,1.571821438204914],
[13.44032082950496,1.788753355634471],
[15.122257393641126,2.0327543967853536],
[16.821243763769804,2.171362614750726],
[18.371430863780212,2.475907297488711],
[20.091667372662823,2.7703757937512465],
[21.745681227994446,2.8779805927991426],
[23.44711078603112,3.1277200016752063],
[25.31007445571299,3.3763798084103547],
[27.17981776571215,3.558691960514267],
[29.165441133353855,3.8219438327002684],
[31.094122485471797,4.000203271023717],
[33.140889606264246,4.185446465381181],
[34.815835815167304,4.480460814564854],
[36.55734015889127,4.746483582097378],
[38.469905519102255,5.017784069863924],
[40.4152168131019,5.367786748645558],
[42.35032792487665,5.689009135973307],
[44.47472021578482,5.5649080854133075],
[46.427075346059844,5.008610896616444],
[48.170020201278945,4.0462009625705395],
[49.604493004318684,2.482238155040856],
[50.563089568581674,0.5114976809978649],
[51.19748398273783,-1.6543582721100605],
[51.47905577707832,-3.784287375773938],
[51.830497728051824,-6.000821211427342],
[52.00228179461144,-7.8417105018412245],
[52.23734419366695,-10.089051862090614],
[52.40458299010175,-11.925765705339908],
[52.47463431214454,-13.07644134852635],
[52.91735063653875,-14.375674517896961],
[53.543326598744876,-15.617928412697301],
[54.38867520602904,-17.037823181862038],
[55.49041202583288,-18.03423834229738],
[56.758513741313315,-18.70786801479985],
[58.36288269089056,-19.06171838854857],
[59.85995632217357,-19.10712783007338],
[61.28924412401943,-18.858702873144672],
[62.63731716005219,-18.65967304892971],
[64.33059089753029,-18.45416140660527],
[65.98392821433357,-18.53862805070092],
[67.90394085203755,-18.565233234003905],
[69.73842418233727,-18.55020317189228],
[71.65815186996277,-18.649375061452265],
[73.49131905122357,-18.67557393434738],
[75.372912168042,-18.687869220340144],
[77.34949924447083,-18.627657346718273],
[79.23545213737108,-18.647932019813393],
[81.13220884368758,-18.609506214660186],
[82.9184708706786,-18.517711851497378],
[84.68952889525609,-18.571229427929477],
[86.81537130208048,-18.604817515972705],
[88.6643319544281,-18.672786252495428],
[90.47610494247215,-18.70145000396609],
[92.55376006906944,-18.718055080298825],
[94.35363034400898,-18.86605010584847],
[96.23286475098827,-18.858064874991218],
[98.10009541647332,-18.798212563059714],
[99.94051359750064,-18.723070709550548],
[101.41141600509901,-18.537489541181053],
[102.95853468619144,-18.08279709113735],
[104.4611771756511,-17.30227206086618],
[105.38866747494176,-16.173554463482205],
[106.3706427307864,-14.660752527076173],
[106.77554540816307,-12.92151379911137],
[106.61770106441878,-11.208596089845763],
[106.303211533715,-9.326392214148113],
[105.89755234925723,-7.654729004132778],
[105.4315810731534,-5.9363072905599985],
[105.05398515500197,-4.119953699747112],
[104.65933615778128,-2.3949432799120096],
[104.46593790643121,-0.7015961948097947],
[104.32615789672634,1.0558754196320956],
[103.98666543477601,2.8389043587617304],
[103.9641787982884,4.37918104869365],
[103.84743560915017,6.193790584743206],
[103.71646185412537,7.975424856135729],
[103.60864159772662,9.823025118363393],
[103.44876740042706,11.520229970319315],
[103.44524535646879,13.318610981600088],
[103.21349511150846,14.952216348927857],
[103.11836310833291,16.857630324683708],
[102.89234639778957,18.51515666287567],
[102.79312787199704,19.060863158834014],
[102.56564886618503,22.121995775457155],
[102.37484137204873,23.937067147203713],
[102.16117653864363,25.295328680627804],
[101.95169266708541,27.26473869712291],
[101.56399430145326,29.05193585133986],
[101.33716922070212,30.803454843761248],
[100.72861943730197,32.42665531729415],
[99.88550119099813,33.76932475732956],
[98.6473670402056,34.88668968373671],
[96.8724811335338,35.61599338031815],
[95.3703268316545,35.86316824181208],
[93.53916889761229,35.67749459210791],
[91.83429733219077,35.460634055983],
[90.01304037179531,35.21285908099575],
[88.09332166911909,35.10133083724268],
[86.36055287686568,35.01771158909916],
[84.53092741413795,34.79275254920728],
[82.92103549284253,34.712429334807084],
[81.012138805976,34.49759744329598],
[79.23508906484093,34.328808340763494],
[77.35843536363437,34.068647964517794],
[75.56263644854529,33.90529892386787],
[73.66999343461801,33.60987066519854],
[71.813368694515,33.4421375503114],
[70.0864626566384,33.30437498365655],
[68.54247685848867,33.121264106818316],
[66.33133915168924,32.90626702932581],
[64.59726778082388,32.75994332438269],
[62.77451981220518,32.564131435655895],
[60.95571267842148,32.34246057091974],
[59.377494710258695,32.273055418323125],
[57.31172793324472,32.090286477203435],
[55.67649262327743,31.838295576262993],
[53.95209971773781,31.30325668297363],
[52.43676759829241,30.593717946691548],
[50.9502843552505,29.517744039900705],
[49.914888955463674,27.893252463459838],
[49.37791486286003,26.249528974795993],
[49.42105547798144,24.415590250611874],
[49.55431853164195,22.51153934631102],
[49.84232692191851,20.519563633482907],
[49.890949727052345,18.480278310394503],
[49.9631545973353,16.59269616916657],
[49.91048120543376,14.714396476754883],
[49.988531249070725,12.827977948279502],
[49.44595986223751,10.834802171861748],
[48.6700111754911,8.954346951997872],
[47.317511155786555,7.345712223286951],
[45.99568947963806,6.217888923696143],
[43.978731079782285,5.449421230267532],
[42.169475476249595,5.114931016618924],
[40.25187025928659,4.826766043595223],
[38.42202171136305,4.59703718507442],
[36.57833435423095,4.301564445830528],
[34.71754316001756,4.0830139411833954],
[32.72414689286535,3.8569391637294235],
[30.99366667840017,3.529563021587156],
[29.236019783757065,3.260397396942608],
[27.347673514980197,3.024269872383524],
[25.680624338070203,2.7350493678875893],
[23.848582734408602,2.463574826274913],
[21.873824537329003,2.248896756287731],
[19.938130702496743,2.0780747860514044],
[17.983376123051297,1.8317380700214088],
[16.086763413755204,1.6292734633168036],
[14.101740351277952,1.4357180446118847],
[12.168569907223848,1.339066446371043],
[10.30403848452207,1.2197524942716376],
[8.226206079452021,1.0973755968912982],
[6.571183411125823,0.9790905549913982],
[4.677328785311485,0.7063642745564765],
[2.8854915803025074,0.501095521336288],
[1.221464211396636,0.3145921036446539],
[0.25366180324043885,0.32523991749589237],
[0.16018751479628718,0.30283110124719675],
